74731 74748 74783 109554 1
74731 74747 105488 13 30 65 34836 37601
74731 74736 92326 13 29 30770 37613 37630 37665 71994
74731 74756 74957 13 18 17608 37613 37629 67992
74731 74760 74782 95201 13 38 239 37613 37618 55002
74725 74774 78147 13 42 64 20483 37613 37638 37839
74731 74736 111385 7 56 3429 37613 37642 37664 57829
74723 74744 74867 13 18 36667 37607 37656 40995
74731 74748 74782 74791 110597 5 26 149 37613 37618 73797
74731 74748 74782 74792 111926 13 30 64 73 35879 37605 37626 37749
74731 74760 74782 95201 13 30 64 74 37208 37613 37630 37664 37673 73021
74723 74766 74868 13 42 64 20483 37613 37630 37664 37674 74333
74731 74748 74782 74791 106528 5 48 150 37613 37642 37664 57829
74731 74748 74782 74792 103374 13 30 64 73 31810 37605 37648 37750
74731 74760 74782 95201 13 30 64 74 28656 37613 37630 37664 37673 69022
74723 74766 74868 13 42 64 20483 37613 37630 37664 37674 65897
74731 74748 74782 74791 90340 5 48 150 37613 37642 37664 57829
74731 74748 74782 74792 97127 13 30 64 73 15622 37605 37648 37750
74731 74760 74782 95201 13 30 64 74 22409 37613 37630 37664 37673 53042
74723 74766 74868 13 42 64 20483 37613 37630 37664 37674 59735
74731 74748 74782 74791 89272 5 48 150 37613 37642 37664 57829
74731 74748 74782 74792 94124 13 30 64 73 14554 37605 37648 37750
74731 74760 74782 95201 13 30 64 74 19406 37613 37630 37664 37673 51987
74719 13 42 64 20483 37613 37630 37664 37674 56765
74723 74744 74867 1
74731 74756 74936 5 26 149 37601
74731 74760 74780 105884 13 38 218 37605 37626 37749
74731 74760 74776 107760 13 42 62 31166 37613 37638 37818
74725 74738 74776 77728 13 42 58 33042 37613 37642 37662 68384
74731 74748 74783 109554 7 20 58 3010 37613 37642 37658 70233
74731 74747 105488 13 30 65 34836 37607 37620 37658 40579
74731 74736 92326 13 29 30770 37613 37630 37665 71994
74725 74738 74776 78038 13 18 17608 37613 37629 67992
74731 74734 86241 7 20 58 3320 37613 37618 55002
74729 74749 74797 74855 77184 13 16 11523 37607 37620 37658 40886
74729 74760 74799 74866 79211 11 31 79 137 2466 37613 37616 48983
74726 74826 74848 77336 11 42 81 148 4493 37611 37631 37679 37737 40039
74731 74756 74957 8 108 130 2618 37611 37642 37681 37748 42041
74731 74760 74782 95201 13 38 239 37608 37708 37730 40191
74725 74774 78147 13 42 64 20483 37613 37638 37839
74731 74736 111385 7 56 3429 37613 37642 37664 57829
74725 74745 78191 13 18 36667 37607 37656 40995
74731 74736 95498 7 27 3473 37613 37618 73797
74725 74774 78147 13 18 20780 37607 37627 41039
74731 74767 74787 103922 7 56 3429 37613 37618 58124
74723 74743 74869 13 49 69 29204 37607 37656 40995
74719 5 25 151 37613 37649 37669 66443
74723 74744 74867 1
74731 74748 74782 74791 110597 5 26 149 37601
74731 74748 74782 74792 111926 13 30 64 73 35879 37605 37626 37749
74731 74760 74782 95201 13 30 64 74 37208 37613 37630 37664 37673 73021
74723 74739 74888 13 42 64 20483 37613 37630 37664 37674 74333
74731 74748 74782 74791 75689 5 21 170 37613 37642 37664 57829
74723 74736 74872 13 30 64 73 971 37605 37621 37770
74731 74748 74782 74792 75568 5 18 154 37613 37630 37664 37673 38556
74723 74740 74891 13 30 64 74 850 37605 37618 37754
74731 74748 74784 74789 102238 5 22 173 37613 37630 37664 37674 38437
74731 74760 74784 94975 13 30 66 71 27520 37605 37622 37773
74731 74736 96963 13 42 66 20257 37613 37630 37666 37671 64778
74723 74743 74869 13 18 22245 37613 37642 37666 57605
74719 5 25 151 37613 37618 59574
74731 74756 74936 1
74731 74756 74979 13 38 218 37601
74731 74756 74961 13 38 261 37613 37638 37818
74731 74756 74949 13 38 243 37613 37638 37861
74731 74760 74780 106189 13 38 231 37613 37638 37843
74731 74748 74783 104874 13 42 62 31471 37613 37638 37831
74731 74736 111212 13 30 65 30156 37613 37642 37662 68685
74731 74760 74776 101652 13 18 36494 37613 37630 37665 67379
74723 74743 74869 13 42 58 26934 37613 37618 73625
74719 5 25 151 37613 37642 37658 64195
74731 74756 74968 1
74731 74756 74961 13 38 250 37601
74731 74760 74780 106189 13 38 243 37613 37638 37850
74728 74773 105224 13 42 62 31471 37613 37638 37843
74731 74736 90542 10 55 30506 37613 37642 37662 68685
74723 74743 74869 13 18 15824 37610 37655 67728
74719 5 25 151 37613 37618 53243
74731 74756 74972 1
74731 74756 74979 13 38 254 37601
74731 74760 74780 106189 13 38 261 37613 37638 37854
74731 74748 74783 104874 13 42 62 31471 37613 37638 37861
74731 74736 88702 13 30 65 30156 37613 37642 37662 68685
74723 74743 74869 13 18 13984 37613 37630 37665 67379
74719 5 25 151 37613 37618 51420
74731 74756 74979 1
74731 74756 74949 13 38 261 37601
74731 74760 74780 106189 13 38 231 37613 37638 37861
74725 74738 74776 76406 13 42 62 31471 37613 37638 37831
74731 74748 74783 111207 7 20 58 1688 37613 37642 37662 68685
74731 74736 111220 13 30 65 36489 37607 37620 37658 39269
74731 74760 74776 103625 13 18 36502 37613 37630 37665 73620
74723 74743 74869 13 42 58 28907 37613 37618 73633
74719 5 25 151 37613 37642 37658 66147
74731 74748 74784 74790 105981 1
74731 74736 88696 13 30 66 72 31263 37601
74731 74734 88199 13 18 13978 37613 37630 37666 37672 68480
74731 74736 88196 13 16 13481 37613 37618 51414
74723 74743 74869 13 18 13478 37613 37616 50917
74719 5 25 151 37613 37618 50914
74731 74736 103433 1
74725 74738 74776 78038 13 18 28715 37601
74723 74739 74896 7 20 58 3320 37613 37618 65956
74731 74736 92009 5 21 178 37607 37620 37658 40886
74725 74772 77751 13 18 17291 37605 37621 37778
74731 74736 92010 7 54 3033 37613 37618 54688
74723 74740 74897 13 18 17292 37607 37654 40602
74723 74739 74896 5 22 179 37613 37618 54689
74731 74736 81691 5 21 178 37605 37622 37779
74725 74774 78147 13 18 6973 37605 37621 37778
74731 74736 99501 7 56 3429 37613 37618 44484
74723 74740 74897 13 18 24783 37607 37656 40995
74723 74743 74869 5 22 179 37613 37618 62073
74719 5 25 151 37605 37622 37779
74731 74736 106413 1
74723 74739 74896 13 18 31695 37601
74731 74736 104279 5 21 178 37613 37618 68907
74723 74740 74897 13 18 29561 37605 37621 37778
74731 74734 96072 5 22 179 37613 37618 66792
74723 74743 74869 13 16 21354 37605 37622 37779
74719 5 25 151 37613 37616 58691
74731 74736 90930 1
74725 74738 74776 78038 13 18 16212 37601
74723 74739 74896 7 20 58 3320 37613 37618 53628
74731 74736 102893 5 21 178 37607 37620 37658 40886
74723 74740 74897 13 18 28175 37605 37621 37778
74725 74770 77973 5 22 179 37613 37618 65424
74723 74743 74869 7 52 3255 37605 37622 37779
74719 5 25 151 37607 37652 40821
74731 74756 74964 1
74731 74756 74949 13 38 246 37601
74731 74760 74780 94144 13 38 231 37613 37638 37846
74723 74743 74869 13 42 62 19426 37613 37638 37831
74719 5 25 151 37613 37642 37662 56785
74723 74744 74867 1
74731 74748 74782 74791 106528 5 26 149 37601
74731 74748 74782 74792 103374 13 30 64 73 31810 37605 37626 37749
74731 74760 74782 95201 13 30 64 74 28656 37613 37630 37664 37673 69022
74723 74739 74888 13 42 64 20483 37613 37630 37664 37674 65897
74731 74748 74782 74791 75959 5 21 170 37613 37642 37664 57829
74723 74736 74872 13 30 64 73 1241 37605 37621 37770
74731 74748 74782 74792 77399 5 18 154 37613 37630 37664 37673 38824
74723 74740 74891 13 30 64 74 2681 37605 37618 37754
74731 74748 74784 74789 90352 5 22 173 37613 37630 37664 37674 40253
74731 74760 74784 107868 13 30 66 71 15634 37605 37622 37773
74731 74736 96963 13 42 66 33150 37613 37630 37666 37671 53054
74723 74743 74869 13 18 22245 37613 37642 37666 70340
74719 5 25 151 37613 37618 59574
74731 74756 74957 1
74731 74756 74949 13 38 239 37601
74731 74760 74780 106189 13 38 231 37613 37638 37839
74731 74748 74783 90349 13 42 62 31471 37613 37638 37831
74731 74736 111212 13 30 65 15631 37613 37642 37662 68685
74731 74760 74776 101652 13 18 36494 37613 37630 37665 53051
74723 74743 74869 13 42 58 26934 37613 37618 73625
74719 5 25 151 37613 37642 37658 64195
74731 74748 74783 102250 1
74731 74736 97328 13 30 65 27532 37601
74723 74766 74868 13 18 22610 37613 37630 37665 64790
74731 74748 74783 90349 5 48 150 37613 37618 59935
74731 74736 99171 13 30 65 15631 37605 37648 37750
74731 74736 90542 13 18 24453 37613 37630 37665 53051
74725 74770 77973 13 18 15824 37613 37618 61748
74725 74738 74776 79279 7 52 3255 37613 37618 53243
74729 74749 74799 74866 91354 7 20 58 4561 37607 37652 40821
74725 74759 77709 11 31 81 148 16636 37607 37620 37658 42109
74731 74756 74968 7 41 2991 37611 37631 37681 37748 54037
74731 74756 74957 13 38 250 37607 37641 40560
74731 74760 74780 106189 13 38 239 37613 37638 37850
74731 74736 93695 13 42 62 31471 37613 37638 37839
74731 74736 109771 13 18 18977 37613 37642 37662 68685
74731 74760 74776 88672 13 18 35053 37613 37618 56341
74731 74736 106635 13 42 58 13954 37613 37618 72209
74731 74760 74776 103625 13 18 31917 37613 37642 37658 51390
74723 74743 74869 13 42 58 28907 37613 37618 69127
74719 5 25 151 37613 37642 37658 66147
74731 74756 74979 1
74731 74756 74949 13 38 261 37601
74731 74760 74780 106189 13 38 231 37613 37638 37861
74728 74773 105224 13 42 62 31471 37613 37638 37831
74731 74736 92326 10 55 30506 37613 37642 37662 68685
74723 74743 74869 13 18 17608 37610 37655 67728
74719 5 25 151 37613 37618 55002
74731 74736 103433 1
74725 74738 74776 78038 13 18 28715 37601
74723 74739 74896 7 20 58 3320 37613 37618 65956
74731 74748 74776 85153 5 21 178 37607 37620 37658 40886
74731 74760 74776 101640 13 30 58 10435 37605 37621 37778
74731 74734 102702 13 42 58 26922 37613 37630 37658 47905
74731 74760 74776 89687 13 16 27984 37613 37642 37658 64183
74723 74740 74897 13 42 58 14969 37613 37616 65234
74723 74739 74896 5 22 179 37613 37642 37658 52396
74731 74736 108413 5 21 178 37605 37622 37779
74725 74774 78147 13 18 33695 37605 37621 37778
74731 74736 99936 7 56 3429 37613 37618 70873
74731 74736 94879 13 18 25218 37607 37656 40995
74723 74740 74897 13 18 20161 37613 37618 62500
74723 74739 74896 5 22 179 37613 37618 57512
74731 74736 102886 5 21 178 37605 37622 37779
74731 74734 99922 13 18 28168 37605 37621 37778
74725 74774 78147 13 16 25204 37613 37618 65417
74731 74736 89828 7 56 3429 37613 37616 62486
74723 74740 74897 13 18 15110 37607 37656 40995
74725 74770 77973 5 22 179 37613 37618 52536
74723 74743 74869 7 52 3255 37605 37622 37779
74719 5 25 151 37607 37652 40821
74731 74756 74968 1
74731 74756 74949 13 38 250 37601
74731 74760 74780 94144 13 38 231 37613 37638 37850
74723 74743 74869 13 42 62 19426 37613 37638 37831
74719 5 25 151 37613 37642 37662 56785
74723 74744 74867 1
74731 74748 74782 74791 90340 5 26 149 37601
74731 74748 74782 74792 97127 13 30 64 73 15622 37605 37626 37749
74731 74760 74782 95201 13 30 64 74 22409 37613 37630 37664 37673 53042
74723 74739 74888 13 42 64 20483 37613 37630 37664 37674 59735
74731 74748 74782 74791 76509 5 21 170 37613 37642 37664 57829
74723 74736 74872 13 30 64 73 1791 37605 37621 37770
74731 74748 74782 74792 77100 5 18 154 37613 37630 37664 37673 39371
74723 74740 74891 13 30 64 74 2382 37605 37618 37754
74731 74748 74784 74789 90352 5 22 173 37613 37630 37664 37674 39956
74731 74760 74784 107868 13 30 66 71 15634 37605 37622 37773
74731 74736 96963 13 42 66 33150 37613 37630 37666 37671 53054
74723 74743 74869 13 18 22245 37613 37642 37666 70340
74719 5 25 151 37613 37618 59574
74731 74756 74957 1
74731 74756 74968 13 38 239 37601
74731 74760 74780 106189 13 38 250 37613 37638 37839
74731 74748 74783 104874 13 42 62 31471 37613 37638 37850
74731 74736 109016 13 30 65 30156 37613 37642 37662 68685
74731 74760 74776 101652 13 18 34298 37613 37630 37665 67379
74723 74743 74869 13 42 58 26934 37613 37618 71470
74719 5 25 151 37613 37642 37658 64195
74731 74748 74783 104874 1
74731 74736 93290 13 30 65 30156 37601
74723 74766 74868 13 18 18572 37613 37630 37665 67379
74731 74736 97328 5 48 150 37613 37618 55943
74725 74738 74776 79279 13 18 22610 37605 37648 37750
74729 74749 74799 74866 91354 7 20 58 4561 37613 37618 59935
74725 74759 77709 11 31 81 148 16636 37607 37620 37658 42109
74731 74756 74964 7 41 2991 37611 37631 37681 37748 54037
74731 74756 74961 13 38 246 37607 37641 40560
74731 74760 74780 106189 13 38 243 37613 37638 37846
74731 74736 90542 13 42 62 31471 37613 37638 37843
74723 74743 74869 13 18 15824 37613 37642 37662 68685
74719 5 25 151 37613 37618 53243
74731 74756 74972 1
74731 74756 74972 13 38 254 37601
74731 74760 74780 106189 13 38 254 37613 37638 37854
74731 74748 74783 104827 13 42 62 31471 37613 37638 37854
74731 74736 88702 13 30 65 30109 37613 37642 37662 68685
74723 74766 74868 13 18 13984 37613 37630 37665 67334
74731 74756 74979 5 48 150 37613 37618 51420
74731 74756 74949 13 38 261 37605 37648 37750
74731 74760 74780 106189 13 38 231 37613 37638 37861
74731 74734 102052 13 42 62 31471 37613 37638 37831
74723 74743 74869 13 16 27334 37613 37642 37662 68685
74719 5 25 151 37613 37616 64592
74731 74736 103433 1
74725 74738 74776 78038 13 18 28715 37601
74723 74739 74896 7 20 58 3320 37613 37618 65956
74731 74748 74782 74791 98353 5 21 178 37607 37620 37658 40886
74731 74748 74782 74792 99724 13 30 64 73 23635 37605 37621 37778
74723 74736 74882 13 30 64 74 25006 37613 37630 37664 37673 60940
74732 77280 5 18 164 37613 37630 37664 37674 62293
74731 74736 99118 14 2562 37605 37618 37764
74725 74772 77751 13 18 24400 37614 40135
74731 74736 95104 7 54 3033 37613 37618 61695
74723 74740 74897 13 18 20386 37607 37654 40602
74723 74739 74896 5 22 179 37613 37618 57734
74731 74736 99639 5 21 178 37605 37622 37779
74731 74734 86268 13 18 24921 37605 37621 37778
74725 74774 78147 13 16 11550 37613 37618 62209
74731 74734 108299 7 56 3429 37613 37616 49010
74723 74740 74897 13 16 33581 37607 37656 40995
74723 74739 74896 5 22 179 37613 37616 70760
74731 74748 74784 74790 105981 5 21 178 37605 37622 37779
74725 74774 78147 13 30 66 72 31263 37605 37621 37778
74731 74736 99639 7 56 3429 37613 37630 37666 37672 68480
74723 74740 74897 13 18 24921 37607 37656 40995
74725 74770 77973 5 22 179 37613 37618 62209
74723 74743 74869 7 52 3255 37605 37622 37779
74719 5 25 151 37607 37652 40821
74731 74756 74964 1
74731 74756 74979 13 38 246 37601
74731 74760 74780 94144 13 38 261 37613 37638 37846
74723 74743 74869 13 42 62 19426 37613 37638 37861
74719 5 25 151 37613 37642 37662 56785
74723 74744 74867 1
74731 74748 74782 74791 89272 5 26 149 37601
74731 74748 74782 74792 94124 13 30 64 73 14554 37605 37626 37749
74731 74760 74782 95201 13 30 64 74 19406 37613 37630 37664 37673 51987
74723 74739 74888 13 42 64 20483 37613 37630 37664 37674 56765
74731 74748 74782 74791 78791 5 21 170 37613 37642 37664 57829
74723 74736 74872 13 30 64 73 4073 37605 37621 37770
74731 74748 74782 74792 76820 5 18 154 37613 37630 37664 37673 41630
74723 74740 74891 13 30 64 74 2102 37605 37618 37754
74731 74748 74784 74789 94645 5 22 173 37613 37630 37664 37674 39679
74731 74760 74784 91776 13 30 66 71 19927 37605 37622 37773
74731 74736 96963 13 42 66 17058 37613 37630 37666 37671 57278
74723 74743 74869 13 18 22245 37613 37642 37666 54456
74719 5 25 151 37613 37618 59574
74731 74756 74961 1
74731 74756 74934 13 38 243 37601
74731 74760 74780 106189 13 38 216 37613 37638 37843
74731 74748 74783 104874 13 42 62 31471 37613 37638 37816
74731 74736 108367 13 30 65 30156 37613 37642 37662 68685
74731 74760 74776 101652 13 18 33649 37613 37630 37665 67379
74723 74766 74868 13 42 58 26934 37613 37618 70828
74731 74748 74783 93605 5 48 150 37613 37642 37658 64195
74731 74736 97328 13 30 65 18887 37605 37648 37750
74725 74770 77973 13 18 22610 37613 37630 37665 56252
74725 74738 74776 79279 7 52 3255 37613 37618 59935
74729 74749 74799 74866 91354 7 20 58 4561 37607 37652 40821
74725 74759 77709 11 31 81 148 16636 37607 37620 37658 42109
74731 74736 108402 7 41 2991 37611 37631 37681 37748 54037
74731 74734 99912 13 18 33684 37607 37641 40560
74723 74743 74869 13 16 25194 37613 37618 70862
74719 5 25 151 37613 37616 62476
74731 74756 74964 1
74731 74756 74972 13 38 246 37601
74731 74760 74780 106189 13 38 254 37613 37638 37846
74723 74739 74896 13 42 62 31471 37613 37638 37854
74731 74736 106189 5 21 178 37613 37642 37662 68685
74725 74774 78147 13 18 31471 37605 37621 37778
74731 74736 94786 7 56 3429 37613 37618 68685
74723 74740 74897 13 18 20068 37607 37656 40995
74725 74738 74776 77728 5 22 179 37613 37618 57419
74731 74748 74776 88417 7 20 58 3010 37605 37622 37779
74723 74766 74868 13 30 58 13699 37607 37620 37658 40579
74731 74769 78596 5 48 150 37613 37630 37658 51135
74725 74738 74776 78038 13 51 3878 37605 37648 37750
74723 74739 74896 7 20 58 3320 37613 37651 41438
74731 74736 94379 5 21 178 37607 37620 37658 40886
74731 74736 78684 13 18 19661 37605 37621 37778
74723 74740 74897 13 18 3966 37613 37618 57018
74723 74739 74896 5 22 179 37613 37618 41526
74730 74755 77413 5 21 178 37605 37622 37779
74731 74756 86463 12 37 2695 37605 37621 37778
74731 74760 74780 99118 13 38 11745 37612 37637 40267
74725 74774 78147 13 42 62 24400 37613 37638 49203
74731 74734 107014 7 56 3429 37613 37642 37662 61695
74723 74740 74897 13 16 32296 37607 37656 40995
74723 74739 74896 5 22 179 37613 37616 69500
74731 74748 74782 74791 92416 5 21 178 37605 37622 37779
74731 74760 74776 86819 13 30 64 73 17698 37605 37621 37778
74723 74740 74897 13 42 58 12101 37613 37630 37664 37673 55090
74723 74739 74896 5 22 179 37613 37642 37658 49557
74731 74748 74776 103367 5 21 178 37605 37622 37779
74725 74738 74777 77751 13 30 58 28649 37605 37621 37778
74725 74745 78191 7 20 59 3033 37613 37630 37658 65890
74731 74762 74776 87720 7 27 3473 37607 37620 37659 40602
74725 74771 76249 13 44 58 13002 37607 37627 41039
74723 74740 74897 7 53 1531 37613 37644 37658 50445
74723 74739 74896 5 22 179 37607 37653 39113
74731 74736 97339 5 21 178 37605 37622 37779
74731 74760 74776 76934 13 18 22621 37605 37621 37778
74723 74740 74897 13 42 58 2216 37613 37618 59946
74725 74770 77973 5 22 179 37613 37642 37658 39791
74723 74743 74869 7 52 3255 37605 37622 37779
74719 5 25 151 37607 37652 40821
74731 74756 74964 1
74731 74756 74972 13 38 246 37601
74731 74760 74780 94144 13 38 254 37613 37638 37846
74723 74743 74869 13 42 62 19426 37613 37638 37854
74719 5 25 151 37613 37642 37662 56785
74723 74739 74898 1
74731 74736 99164 5 21 180 37601
74731 74734 95802 13 18 24446 37605 37621 37780
74723 74740 74899 13 16 21084 37613 37618 61741
74731 74736 89836 5 22 181 37613 37616 58425
74731 74760 74776 95940 13 18 15118 37605 37622 37781
74725 74738 74776 78038 13 42 58 21222 37613 37618 52544
74731 74734 108842 7 20 58 3320 37613 37642 37658 58562
74723 74744 74867 13 16 34124 37607 37620 37658 40886
74731 74748 74782 74791 80828 5 26 149 37613 37616 71297
74731 74736 99632 13 30 64 73 6110 37605 37626 37749
74723 74766 74868 13 18 24914 37613 37630 37664 37673 43637
74731 74734 101921 5 48 150 37613 37618 62202
74725 74738 74776 79279 13 16 27203 37605 37648 37750
74731 74734 90435 7 20 58 4561 37613 37616 64462
74725 74738 74776 78557 13 16 15717 37607 37620 37658 42109
74719 7 20 58 3839 37613 37616 53137
74723 74744 74867 1
74723 74739 74900 5 26 149 37601
74731 74748 74784 74789 85848 5 21 182 37605 37626 37749
74731 74756 74949 13 30 66 71 11130 37605 37621 37782
74731 74756 74936 13 38 231 37613 37630 37666 37671 48593
74731 74760 74780 105884 13 38 218 37613 37638 37831
74731 74748 74782 74791 87973 13 42 62 31166 37613 37638 37818
74731 74748 74782 74792 97031 13 30 64 73 13255 37613 37642 37662 68384
74723 74740 74901 13 30 64 74 22313 37613 37630 37664 37673 50693
74731 74736 88613 5 22 183 37613 37630 37664 37674 59642
74731 74734 88456 13 18 13895 37605 37622 37783
74731 74736 97193 13 16 13738 37613 37618 51331
74725 74774 78147 13 18 22475 37613 37616 51174
74731 74756 86463 7 56 3429 37613 37618 59801
74731 74756 90906 13 38 11745 37607 37656 40995
74731 74756 94891 13 38 16188 37613 37638 49203
74731 74756 74879 13 38 20173 37613 37638 53605
74731 74760 74780 106216 13 38 161 37613 37638 57523
74725 74738 74776 76406 13 42 62 31498 37613 37638 37761
74731 74756 92331 7 20 58 1688 37613 37642 37662 68712
74731 74756 74879 13 38 17613 37607 37620 37658 39269
74731 74760 74780 106216 13 38 161 37613 37638 55007
74725 74738 74788 78049 13 42 62 31498 37613 37638 37761
74723 74766 74868 7 20 70 3331 37613 37642 37662 68712
74731 74748 74784 74790 108568 5 48 150 37607 37620 37670 40897
74731 74736 99657 13 30 66 72 33850 37605 37648 37750
74725 74738 74776 76435 13 18 24939 37613 37630 37666 37672 71027
74731 74736 108977 7 20 58 1717 37613 37618 62227
74725 74774 78147 13 18 34259 37607 37620 37658 39298
74731 74734 86996 7 56 3429 37613 37618 71431
74725 74738 74776 79279 13 16 12278 37607 37656 40995
74729 74749 74799 74848 103588 7 20 58 4561 37613 37616 49733
74731 74767 74787 77449 11 31 81 130 28870 37607 37620 37658 42109
74725 74738 74776 78038 13 49 69 2731 37611 37631 37681 37730 66111
74731 74736 95012 7 20 58 3320 37613 37649 37669 40302
74725 74738 74776 78038 13 18 20294 37607 37620 37658 40886
74723 74739 74896 7 20 58 3320 37613 37618 57642
74731 74736 99164 5 21 178 37607 37620 37658 40886
74731 74734 95802 13 18 24446 37605 37621 37778
74723 74740 74897 13 16 21084 37613 37618 61741
74725 74738 74776 79279 5 22 179 37613 37616 58425
74729 74749 74822 74862 93238 7 20 58 4561 37605 37622 37779
74725 74759 77709 11 31 104 144 18520 37607 37620 37658 42109
74729 74767 74799 74866 75873 7 41 2991 37611 37631 37704 37744 55891
74726 74826 74848 77336 11 49 81 148 1155 37607 37641 40560
74731 74735 110263 8 108 130 2618 37611 37649 37681 37748 38738
74725 74738 74776 77728 13 17 35545 37608 37708 37730 40191
74723 74766 74868 7 20 58 3010 37613 37617 72693
74731 74748 74782 74791 80828 5 48 150 37607 37620 37658 40579
74731 74736 99632 13 30 64 73 6110 37605 37648 37750
74725 74745 78191 13 18 24914 37613 37630 37664 37673 43637
74731 74756 94449 7 27 3473 37613 37618 62202
74731 74760 74780 105884 13 38 19731 37607 37627 41039
74725 74738 74776 78038 13 42 62 31166 37613 37638 57084
74731 74734 89190 7 20 58 3320 37613 37642 37662 68384
74731 74736 88578 13 16 14472 37607 37620 37658 40886
74725 74738 74776 79279 13 18 13860 37613 37616 51905
74731 74748 74776 84564 7 20 58 4561 37613 37618 51296
74725 74738 74776 78038 13 30 58 9846 37607 37620 37658 42109
74729 74749 74799 74866 96671 7 20 58 3320 37613 37630 37658 47324
74723 74766 74868 11 31 81 148 21953 37607 37620 37658 40886
74731 74734 101921 5 48 150 37611 37631 37681 37748 59283
74725 74738 74776 79279 13 16 27203 37605 37648 37750
74731 74734 90435 7 20 58 4561 37613 37616 64462
74729 74749 74797 74848 77184 13 16 15717 37607 37620 37658 42109
74731 74767 74776 76711 11 31 79 130 2466 37613 37616 53137
74725 74738 74776 79279 13 49 58 1993 37611 37631 37679 37730 40039
74729 74749 74799 74866 91507 7 20 58 4561 37613 37649 37658 39570
74726 74826 74848 77336 11 31 81 148 16789 37607 37620 37658 42109
74723 74743 74869 8 108 130 2618 37611 37631 37681 37748 54190
74719 5 25 151 37608 37708 37730 40191
74723 74744 74867 1
74731 74748 74783 80030 5 26 149 37601
74725 74774 78147 13 30 65 5312 37605 37626 37749
74731 74736 84532 7 56 3429 37613 37630 37665 42848
74725 74738 74776 78557 13 18 9814 37607 37656 40995
74725 74774 78147 7 20 58 3839 37613 37618 47292
74731 74736 98296 7 56 3429 37607 37620 37658 41401
74731 74734 104132 13 18 23578 37607 37656 40995
74725 74772 79010 13 16 29414 37613 37618 60883
74731 74734 92999 7 54 4292 37613 37616 66650
74725 74745 78191 13 16 18281 37607 37654 41845
74731 74756 100596 7 27 3473 37613 37616 55658
74731 74760 74780 91609 13 38 25878 37607 37627 41039
74725 74738 74776 79279 13 42 62 16891 37613 37638 63149
74729 74749 74799 74866 103610 7 20 58 4561 37613 37642 37662 54292
74723 74766 74868 11 31 81 148 28892 37607 37620 37658 42109
74731 74748 74782 74791 80255 5 48 150 37611 37631 37681 37748 66133
74723 74736 74872 13 30 64 73 5537 37605 37648 37750
74731 74736 80029 5 18 154 37613 37630 37664 37673 43070
74731 74736 103641 13 18 5311 37605 37618 37754
74725 74745 78191 13 18 28923 37613 37618 42847
74723 74739 74896 7 27 3473 37613 37618 66163
74731 74736 89836 5 21 178 37607 37627 41039
74731 74760 74776 95940 13 18 15118 37605 37621 37778
74725 74745 78191 13 42 58 21222 37613 37618 52544
74731 74734 108842 7 27 3473 37613 37642 37658 58562
74729 74749 74797 74855 77184 13 16 34124 37607 37627 41039
74729 74760 74799 74848 79211 11 31 79 137 2466 37613 37616 71297
74726 74839 74850 78574 11 42 81 130 4493 37611 37631 37679 37737 40039
74726 74828 74848 77480 8 121 132 3856 37611 37642 37681 37730 42041
74723 74740 74897 8 110 130 2762 37608 37721 37732 41417
74725 74738 74777 77751 5 22 179 37608 37710 37730 40333
74731 74734 92158 7 20 59 3033 37605 37622 37779
74723 74743 74869 13 16 17440 37607 37620 37659 40602
74719 5 25 151 37613 37616 54837
74731 74748 74782 74791 79419 1
74731 74736 93680 13 30 64 73 4701 37601
74731 74736 103641 13 18 18962 37613 37630 37664 37673 42245
74725 74745 78918 13 18 28923 37613 37618 56326
74731 74756 94449 7 27 4200 37613 37618 66163
74731 74756 96737 13 38 19731 37607 37627 41753
74731 74760 74780 105884 13 38 22019 37613 37638 57084
74723 74766 74868 13 42 62 31166 37613 37638 59349
74731 74748 74783 93684 5 48 150 37613 37642 37662 68384
74725 74774 78147 13 30 65 18966 37605 37648 37750
74731 74736 95328 7 56 3429 37613 37630 37665 56330
74725 74738 74776 79279 13 18 20610 37607 37656 40995
74731 74734 82485 7 20 58 4561 37613 37618 57954
74729 74749 74797 74866 77184 13 16 7767 37607 37620 37658 42109
74723 74766 74868 11 31 79 148 2466 37613 37616 45272
74731 74736 91162 5 48 150 37611 37631 37679 37748 40039
74725 74774 78147 13 18 16444 37605 37648 37750
74731 74734 89228 7 56 3429 37613 37618 53858
74725 74774 78147 13 16 14510 37607 37656 40995
74731 74736 95827 7 56 3429 37613 37616 51943
74725 74738 74776 79279 13 18 21109 37607 37656 40995
74729 74749 74813 74848 100804 7 20 58 4561 37613 37618 58450
74731 74767 74781 79128 11 31 95 130 26086 37607 37620 37658 42109
74731 74734 95114 13 49 63 4410 37611 37631 37695 37730 63354
74729 74749 74797 74848 77184 13 16 20396 37613 37649 37663 41960
74725 74770 77973 11 31 79 130 2466 37613 37616 57744
74731 74736 106359 7 52 3255 37611 37631 37679 37730 40039
74725 74745 78191 13 18 31641 37607 37652 40821
74729 74749 74818 74848 92888 7 27 3473 37613 37618 68855
74731 74767 74787 86651 11 31 100 130 18170 37607 37627 41039
74723 74743 74869 13 49 69 11933 37611 37631 37700 37730 55550
74719 5 25 151 37613 37649 37669 49390
74731 74756 94891 1
74731 74756 96737 13 38 20173 37601
74731 74760 74780 106189 13 38 22019 37613 37638 57523
74725 74738 74776 79279 13 42 62 31471 37613 37638 59349
74729 74749 74799 74866 91354 7 20 58 4561 37613 37642 37662 68685
74725 74759 77709 11 31 81 148 16636 37607 37620 37658 42109
74731 74736 109972 7 41 2991 37611 37631 37681 37748 54037
74725 74738 74776 78038 13 18 35254 37607 37641 40560
74729 74749 74799 74866 96918 7 20 58 3320 37613 37618 72407
74726 74826 74848 77336 11 31 81 148 22200 37607 37620 37658 40886
74731 74736 99164 8 108 130 2618 37611 37631 37681 37748 59529
74731 74734 95802 13 18 24446 37608 37708 37730 40191
74731 74736 81872 13 16 21084 37613 37618 61741
74725 74745 78191 13 18 7154 37613 37616 58425
74723 74766 74868 7 27 3473 37613 37618 44665
74731 74769 105023 5 48 150 37607 37627 41039
74723 74766 74868 13 51 30305 37605 37648 37750
74731 74736 107293 5 48 150 37613 37651 67528
74725 74738 74776 79279 13 18 32575 37605 37648 37750
74729 74749 74809 74866 86785 7 20 58 4561 37613 37618 69776
74731 74760 74781 77251 11 31 91 148 12067 37607 37620 37658 42109
74726 74828 74850 77480 13 42 63 2533 37611 37631 37691 37748 49523
74731 74736 89626 8 110 132 2762 37613 37642 37663 40106
74726 74828 74848 77480 13 18 14908 37608 37710 37732 40333
74723 74743 74869 8 110 130 2762 37613 37618 52335
74719 5 25 151 37608 37710 37730 40333
74723 74744 74867 1
74731 74748 74776 84564 5 26 149 37601
74725 74738 74776 78038 13 30 58 9846 37605 37626 37749
74731 74734 97748 7 20 58 3320 37613 37630 37658 47324
74729 74749 74797 74855 77184 13 16 23030 37607 37620 37658 40886
74729 74760 74799 74848 79211 11 31 79 137 2466 37613 37616 60345
74731 74767 74776 78147 11 42 81 130 4493 37611 37631 37679 37737 40039
74725 74745 78191 13 49 58 3429 37611 37642 37681 37730 42041
74723 74766 74868 7 27 3473 37613 37649 37658 40995
74731 74736 99164 5 48 150 37607 37627 41039
74731 74734 95802 13 18 24446 37605 37648 37750
74725 74774 78147 13 16 21084 37613 37618 61741
74731 74736 95827 7 56 3429 37613 37616 58425
74725 74772 77751 13 18 21109 37607 37656 40995
74731 74736 107208 7 54 3033 37613 37618 58450
74731 74760 74776 95940 13 18 32490 37607 37654 40602
74725 74774 78147 13 42 58 21222 37613 37618 69692
74731 74734 103890 7 56 3429 37613 37642 37658 58562
74731 74734 103592 13 16 29172 37607 37656 40995
74725 74738 74776 79279 13 16 28874 37613 37616 66411
74729 74749 74822 74862 93238 7 20 58 4561 37613 37616 66115
74725 74759 77709 11 31 104 144 18520 37607 37620 37658 42109
74729 74767 74799 74848 75873 7 41 2991 37611 37631 37704 37744 55891
74731 74748 74783 80030 11 49 81 130 1155 37607 37641 40560
74725 74738 74776 79279 13 30 65 5312 37611 37649 37681 37730 38738
74731 74769 78236 7 20 58 4561 37613 37630 37665 42848
74723 74766 74868 13 51 3518 37607 37620 37658 42109
74731 74748 74783 93684 5 48 150 37613 37651 41084
74723 74766 74868 13 30 65 18966 37605 37648 37750
74731 74748 74783 108118 5 48 150 37613 37630 37665 56330
74723 74766 74868 13 30 65 33400 37605 37648 37750
74731 74736 93209 5 48 150 37613 37630 37665 70584
74731 74736 86878 13 18 18491 37605 37648 37750
74731 74760 74776 90650 13 18 12160 37613 37618 55862
74723 74739 74888 13 42 58 15932 37613 37618 49615
74731 74748 74783 75284 5 21 170 37613 37642 37658 53351
74723 74740 74891 13 30 65 566 37605 37621 37770
74723 74743 74869 5 22 173 37613 37630 37665 38162
74719 5 25 151 37605 37622 37773
74731 74756 94891 1
74731 74756 74879 13 38 20173 37601
74731 74760 74780 106216 13 38 161 37613 37638 57523
74725 74738 74776 78038 13 42 62 31498 37613 37638 37761
74729 74749 74818 74862 76833 7 20 58 3320 37613 37642 37662 68712
74725 74759 77709 11 31 100 144 2115 37607 37620 37658 40886
74725 74774 78147 7 41 2991 37611 37631 37700 37744 39691
74731 74734 89190 7 56 3429 37607 37641 40560
74731 74734 89703 13 16 14472 37607 37656 40995
74725 74774 78147 13 16 14985 37613 37616 51905
74731 74734 92630 7 56 3429 37613 37616 52412
74725 74772 79010 13 16 17912 37607 37656 40995
74731 74734 108842 7 54 4292 37613 37616 55298
74731 74735 110263 13 16 34124 37607 37654 41845
74725 74774 78147 13 17 35545 37613 37616 71297
74731 74736 96121 7 56 3429 37613 37617 72693
74725 74738 74776 76435 13 18 21403 37607 37656 40995
74731 74736 103249 7 20 58 1717 37613 37618 58740
74731 74736 82623 13 18 28531 37607 37620 37658 39298
74725 74738 74776 78038 13 18 7905 37613 37618 65773
74729 74749 74818 74848 78010 7 20 58 3320 37613 37618 45407
74725 74738 74777 77751 11 31 100 130 3292 37607 37620 37658 40886
74729 74749 74799 74856 78858 7 20 59 3033 37611 37631 37700 37730 40858
74729 74760 74799 74866 79185 11 31 81 138 4140 37607 37620 37659 40602
74725 74759 77709 11 42 81 148 4467 37611 37631 37681 37738 41693
74729 74767 74799 74848 75873 7 41 2991 37611 37642 37681 37748 42015
74723 74743 74869 11 49 81 130 1155 37607 37641 40560
74719 5 25 151 37611 37649 37681 37730 38738
74723 74744 74867 1
74732 76726 5 26 149 37601
74731 74735 110263 14 2008 37605 37626 37749
74725 74745 78191 13 17 35545 37614 39585
74731 74769 96747 7 27 3473 37613 37617 72693
74731 74756 95701 13 51 22029 37607 37627 41039
74731 74760 74780 105884 13 38 20983 37613 37651 59359
74723 74766 74868 13 42 62 31166 37613 37638 58325
74731 74748 74782 74791 80255 5 48 150 37613 37642 37662 68384
74731 74736 103641 13 30 64 73 5537 37605 37648 37750
74725 74738 74776 76435 13 18 28923 37613 37630 37664 37673 43070
74730 74736 97189 7 20 58 1717 37613 37618 66163
74731 74736 89695 12 18 22471 37607 37620 37658 39298
74731 74734 88202 13 18 14977 37612 37618 59797
74725 74738 74776 77728 13 16 13484 37613 37618 52404
74729 74749 74799 74866 106151 7 20 58 3010 37613 37616 50920
74723 74766 74868 11 31 81 148 31433 37607 37620 37658 40579
74731 74734 103592 5 48 150 37611 37631 37681 37748 68648
74725 74738 74776 79279 13 16 28874 37605 37648 37750
74731 74734 110399 7 20 58 4561 37613 37616 66115
74729 74749 74797 74866 77184 13 16 35681 37607 37620 37658 42109
74725 74759 77709 11 31 79 148 2466 37613 37616 72825
74729 74767 74799 74866 75873 7 41 2991 37611 37631 37679 37748 40039
74726 74826 74848 77336 11 49 81 148 1155 37607 37641 40560
74723 74743 74869 8 108 130 2618 37611 37649 37681 37748 38738
74719 5 25 151 37608 37708 37730 40191
74728 74773 105224 1
74731 74736 103641 10 55 30506 37601
74725 74745 78191 13 18 28923 37610 37655 67728
74723 74766 74868 7 27 3473 37613 37618 66163
74731 74736 96331 5 48 150 37607 37627 41039
74725 74774 78147 13 18 21613 37605 37648 37750
74731 74734 95802 7 56 3429 37613 37618 58948
74725 74738 74776 77728 13 16 21084 37607 37656 40995
74723 74739 74896 7 20 58 3010 37613 37616 58425
74730 74736 97694 5 21 178 37607 37620 37658 40579
74731 74736 95012 12 18 22976 37605 37621 37778
74731 74756 106810 13 18 20294 37612 37618 60293
74731 74756 107459 13 38 32092 37613 37618 57642
74731 74760 74780 99118 13 38 32741 37613 37638 69299
74725 74738 74776 76435 13 42 62 24400 37613 37638 69938
74731 74736 107208 7 20 58 1717 37613 37642 37662 61695
74725 74738 74776 78038 13 18 32490 37607 37620 37658 39298
74729 74749 74818 74862 75691 7 20 58 3320 37613 37618 69692
74726 74826 74848 77336 11 31 100 144 973 37607 37620 37658 40886
74723 74740 74897 8 108 130 2618 37611 37631 37700 37744 38558
74725 74738 74777 77751 5 22 179 37608 37708 37730 40191
74731 74734 95123 7 20 59 3033 37605 37622 37779
74723 74743 74869 13 16 20405 37607 37620 37659 40602
74719 5 25 151 37613 37616 57752
74731 74748 74783 75057 1
74731 74736 82674 13 30 65 339 37601
74725 74774 78147 13 18 7956 37613 37630 37665 37939
74731 74734 79793 7 56 3429 37613 37618 45458
74725 74770 77973 13 16 5075 37607 37656 40995
74725 74738 74776 77728 7 52 3255 37613 37616 42612
74723 74739 74896 7 20 58 3010 37607 37652 40821
74731 74736 89898 5 21 178 37607 37620 37658 40579
74725 74738 74776 78038 13 18 15180 37605 37621 37778
74731 74734 108907 7 20 58 3320 37613 37618 52605
74729 74749 74797 74866 77184 13 16 34189 37607 37620 37658 40886
74723 74766 74868 11 31 79 148 2466 37613 37616 71362
74731 74747 99775 5 48 150 37611 37631 37679 37748 40039
74726 74828 74850 77480 13 29 25057 37605 37648 37750
74731 74734 108842 8 110 132 2762 37613 37629 62343
74725 74738 74776 76435 13 16 34124 37608 37710 37732 40333
74729 74749 74822 74856 93238 7 20 58 1717 37613 37616 71297
74729 74760 74799 74856 79211 11 31 104 138 18520 37607 37620 37658 39298
74726 74830 74845 77918 11 42 81 138 4493 37611 37631 37704 37738 55891
74725 74759 78309 8 112 127 3200 37611 37642 37681 37738 42041
74729 74767 74818 74856 78010 7 41 3591 37608 37712 37727 40766
74726 74830 74848 77918 11 49 100 138 3292 37607 37641 41157
74723 74740 74897 8 112 130 3200 37611 37649 37700 37738 40858
74725 74738 74777 77751 5 22 179 37608 37712 37730 40766
74731 74734 90492 7 20 59 3033 37605 37622 37779
74729 74749 74797 74866 77184 13 16 15774 37607 37620 37659 40602
74725 74759 77709 11 31 79 148 2466 37613 37616 53193
74729 74767 74793 74866 76592 7 41 2991 37611 37631 37679 37748 40039
74726 74826 74848 77336 11 49 75 148 1874 37607 37641 40560
74723 74743 74869 8 108 130 2618 37611 37649 37675 37748 39453
74719 5 25 151 37608 37708 37730 40191
74731 74736 79538 1
74723 74744 74867 13 18 4820 37601
74731 74748 74783 79400 5 26 149 37613 37618 42362
74725 74738 74776 78038 13 30 65 4682 37605 37626 37749
74729 74749 74817 74848 103499 7 20 58 3320 37613 37630 37665 42227
74731 74748 74783 89188 11 31 99 130 28781 37607 37620 37658 40886
74723 74744 74867 13 30 65 14470 37611 37631 37699 37730 66022
74731 74748 74776 85329 5 26 149 37613 37630 37665 51903
74728 74773 97186 13 30 58 10611 37605 37626 37749
74731 74734 89356 10 55 22468 37613 37630 37658 48075
74719 13 16 14638 37610 37655 59794
74723 74744 74867 1
74731 74736 79538 5 26 149 37601
74731 74736 106003 13 18 4820 37605 37626 37749
74725 74738 74776 79279 13 18 31285 37613 37618 42362
74729 74749 74799 74866 76296 7 20 58 4561 37613 37618 68500
74731 74736 88698 11 31 81 148 1578 37607 37620 37658 42109
74725 74772 77751 13 18 13980 37611 37631 37681 37748 39160
74731 74736 95907 7 54 3033 37613 37618 51416
74731 74760 74776 99118 13 18 21189 37607 37654 40602
74725 74774 78147 13 42 58 24400 37613 37618 58529
74731 74736 87475 7 56 3429 37613 37642 37658 61695
74725 74738 74776 76435 13 18 12757 37607 37656 40995
74729 74749 74822 74848 100727 7 20 58 1717 37613 37618 50204
74728 74757 102471 11 31 104 130 26009 37607 37620 37658 39298
74731 74756 96737 10 39 27753 37611 37631 37704 37730 63277
74731 74756 86463 13 38 22019 37610 37639 65009
74731 74760 74780 88250 13 38 11745 37613 37638 59349
74731 74748 74784 74790 105981 13 42 62 13532 37613 37638 49203
74731 74736 100891 13 30 66 72 31263 37613 37642 37662 50968
74723 74739 74888 13 18 26173 37613 37630 37666 37672 68480
74728 74757 102471 5 21 170 37613 37618 63441
74731 74756 94891 10 39 27753 37605 37621 37770
74731 74756 96737 13 38 20173 37610 37639 65009
74731 74756 95701 13 38 22019 37613 37638 57523
74731 74760 74780 88250 13 38 20983 37613 37638 59349
74731 74748 74776 85329 13 42 62 13532 37613 37638 58325
74723 74740 74891 13 30 58 10611 37613 37642 37662 50968
74725 74745 78191 5 22 173 37613 37630 37658 48075
74731 74756 94449 7 27 3473 37605 37622 37773
74731 74760 74780 105884 13 38 19731 37607 37627 41039
74723 74766 74868 13 42 62 31166 37613 37638 57084
74731 74748 74776 104812 5 48 150 37613 37642 37662 68384
74725 74738 74776 77728 13 30 58 30094 37605 37648 37750
74729 74749 74822 74856 93238 7 20 58 3010 37613 37630 37658 67319
74729 74760 74799 74848 79211 11 31 104 138 18520 37607 37620 37658 40579
74723 74743 74869 11 42 81 130 4493 37611 37631 37704 37738 55891
74719 5 25 151 37611 37642 37681 37730 42041
74723 74744 74867 1
74731 74736 88698 5 26 149 37601
74725 74745 78191 13 18 13980 37605 37626 37749
74731 74756 74944 7 27 3473 37613 37618 51416
74731 74760 74780 106189 13 38 226 37607 37627 41039
74731 74760 74776 78553 13 42 62 31471 37613 37638 37826
74731 74756 74949 13 42 58 3835 37613 37642 37662 68685
74731 74760 74780 88250 13 38 231 37613 37642 37658 41397
74731 74760 74776 110205 13 42 62 13532 37613 37638 37831
74725 74774 78147 13 42 58 35487 37613 37642 37662 50968
74731 74748 74783 89202 7 56 3429 37613 37642 37658 72635
74723 74766 74868 13 30 65 14484 37607 37656 40995
74731 74736 95907 5 48 150 37613 37630 37665 51917
74731 74760 74776 99118 13 18 21189 37605 37648 37750
74725 74745 78191 13 42 58 24400 37613 37618 58529
74731 74756 74944 7 27 3473 37613 37642 37658 61695
74731 74760 74780 106189 13 38 226 37607 37627 41039
74731 74734 111872 13 42 62 31471 37613 37638 37826
74731 74756 74949 13 16 37154 37613 37642 37662 68685
74731 74760 74780 88250 13 38 231 37613 37616 74279
74731 74760 74776 110205 13 42 62 13532 37613 37638 37831
74725 74774 78147 13 42 58 35487 37613 37642 37662 50968
74731 74748 74783 79400 7 56 3429 37613 37642 37658 72635
74731 74736 80800 13 30 65 4682 37607 37656 40995
74723 74736 74872 13 18 6082 37613 37630 37665 42227
74731 74736 81659 5 18 154 37613 37618 43610
74725 74738 74776 77728 13 18 6941 37605 37618 37754
74723 74766 74868 7 20 58 3010 37613 37618 44452
74728 74773 97186 5 48 150 37607 37620 37658 40579
74731 74734 89356 10 55 22468 37605 37648 37750
74723 74743 74869 13 16 14638 37610 37655 59794
74719 5 25 151 37613 37616 52069
74731 74769 94072 1
74731 74756 74944 13 51 19354 37601
74731 74760 74780 106199 13 38 226 37613 37651 56713
74725 74745 78191 13 42 62 31481 37613 37638 37826
74731 74736 95907 7 27 3473 37613 37642 37662 68695
74731 74760 74776 99118 13 18 21189 37607 37627 41039
74725 74738 74776 76435 13 42 58 24400 37613 37618 58529
74731 74734 111868 7 20 58 1717 37613 37642 37658 61695
74729 74749 74797 74866 77184 13 16 37150 37607 37620 37658 39298
74725 74759 77709 11 31 79 148 2466 37613 37616 74275
74729 74767 74799 74848 75873 7 41 2991 37611 37631 37679 37748 40039
74725 74759 76435 11 49 81 130 1155 37607 37641 40560
74723 74766 74868 7 41 1717 37611 37649 37681 37730 38738
74731 74734 101926 5 48 150 37607 37641 39298
74731 74736 99615 13 16 27208 37605 37648 37750
74725 74745 78191 13 18 24897 37613 37616 64467
74731 74736 88698 7 27 3473 37613 37618 62185
74725 74738 74776 76435 13 18 13980 37607 37627 41039
74731 74756 74968 7 20 58 1717 37613 37618 51416
74731 74760 74780 97397 13 38 250 37607 37620 37658 39298
74731 74756 74949 13 42 62 22679 37613 37638 37850
74731 74760 74780 106444 13 38 231 37613 37642 37662 60004
74725 74738 74777 77751 13 42 62 31726 37613 37638 37831
74731 74734 85452 7 20 59 3033 37613 37642 37662 68938
74723 74743 74869 13 16 10734 37607 37620 37659 40602
74719 5 25 151 37613 37616 48198
74731 74756 74944 1
74731 74734 111880 13 38 226 37601
74725 74738 74776 79279 13 16 37162 37613 37638 37826
74729 74749 74822 74848 101094 7 20 58 4561 37613 37616 74287
74731 74748 74783 79400 11 31 104 130 26376 37607 37620 37658 42109
74725 74738 74776 76435 13 30 65 4682 37611 37631 37704 37730 63641
74731 74734 87195 7 20 58 1717 37613 37630 37665 42227
74729 74749 74797 74866 77184 13 16 12477 37607 37620 37658 39298
74726 74826 74848 77336 11 31 79 148 2466 37613 37616 49928
74731 74736 92175 8 108 130 2618 37611 37631 37679 37748 40039
74725 74738 74776 77728 13 18 17457 37608 37708 37730 40191
74729 74749 74818 74866 98100 7 20 58 3010 37613 37618 54854
74723 74766 74868 11 31 100 148 23382 37607 37620 37658 40579
74730 74736 79059 5 48 150 37611 37631 37700 37748 60689
74731 74747 110612 12 18 4341 37605 37648 37750
74725 74771 76249 13 29 35894 37612 37618 41894
74723 74743 74869 7 53 1531 37613 37629 73034
74719 5 25 151 37607 37653 39113
74723 74744 74867 1
74731 74748 74783 89188 5 26 149 37601
74725 74745 78191 13 30 65 14470 37605 37626 37749
74723 74766 74868 7 27 3473 37613 37630 37665 51903
74731 74748 74783 109551 5 48 150 37607 37627 41039
74731 74748 74776 93119 13 30 65 34833 37605 37648 37750
74725 74738 74776 77728 13 30 58 18401 37613 37630 37665 71991
74731 74748 74783 105958 7 20 58 3010 37613 37630 37658 55774
74725 74774 78147 13 30 65 31240 37607 37620 37658 40579
74731 74736 82007 7 56 3429 37613 37630 37665 68457
74731 74747 109096 13 18 7289 37607 37656 40995
74726 74828 74850 77480 13 29 34378 37613 37618 44800
74731 74736 85420 8 110 132 2762 37613 37629 71546
74731 74734 93019 13 18 10702 37608 37710 37732 40333
74725 74738 74776 79279 13 16 18301 37613 37618 48166
74729 74749 74799 74866 108045 7 20 58 4561 37613 37616 55678
74723 74766 74868 11 31 81 148 33327 37607 37620 37658 42109
74731 74756 74949 5 48 150 37611 37631 37681 37748 70513
74731 74756 74961 13 38 231 37605 37648 37750
74723 74736 74881 13 38 243 37613 37638 37831
74731 74756 74936 5 18 163 37613 37638 37843
74731 74756 74934 13 38 218 37605 37618 37763
74725 74738 74776 77728 13 38 216 37613 37638 37818
74731 74756 74936 7 20 58 3010 37613 37638 37816
74731 74756 74979 13 38 218 37607 37620 37658 40579
74731 74760 74780 88250 13 38 261 37613 37638 37818
74731 74760 74776 110205 13 42 62 13532 37613 37638 37861
74725 74774 78147 13 42 58 35487 37613 37642 37662 50968
74731 74734 110487 7 56 3429 37613 37642 37658 72635
74723 74743 74869 13 16 35769 37607 37656 40995
74719 5 25 151 37613 37616 72913
74731 74736 102166 1
74731 74736 106199 13 18 27448 37601
74731 74736 94111 13 18 31481 37613 37618 64706
74731 74736 100890 13 18 19393 37613 37618 68695
74725 74774 78147 13 18 26172 37613 37618 56752
74731 74748 74782 74791 100957 7 56 3429 37613 37618 63440
74723 74739 74888 13 30 64 73 26239 37607 37656 40995
74731 74756 94449 5 21 170 37613 37630 37664 37673 63506
74731 74760 74780 106189 13 38 19731 37605 37621 37770
74723 74740 74891 13 42 62 31471 37613 37638 57084
74723 74766 74868 5 22 173 37613 37642 37662 68685
74731 74748 74776 93119 5 48 150 37605 37622 37773
74731 74736 94111 13 30 58 18401 37605 37648 37750
74731 74736 100890 13 18 19393 37613 37630 37658 55774
74725 74774 78147 13 18 26172 37613 37618 56752
74731 74748 74782 74791 111657 7 56 3429 37613 37618 63440
74723 74739 74888 13 30 64 73 36939 37607 37656 40995
74731 74756 94449 5 21 170 37613 37630 37664 37673 74065
74731 74760 74780 106189 13 38 19731 37605 37621 37770
74723 74740 74891 13 42 62 31471 37613 37638 57084
74731 74760 74776 79178 5 22 173 37613 37642 37662 68685
74731 74736 75385 13 42 58 4460 37605 37622 37773
74725 74774 78147 13 18 667 37613 37642 37658 42008
74731 74747 101744 7 56 3429 37613 37618 38262
74726 74828 74850 77480 13 29 27026 37607 37656 40995
74731 74736 85420 8 110 132 2762 37613 37629 64287
74731 74734 93019 13 18 10702 37608 37710 37732 40333
74725 74738 74776 76435 13 16 18301 37613 37618 48166
74731 74736 96085 7 20 58 1717 37613 37616 55678
74723 74743 74869 13 18 21367 37607 37620 37658 39298
74719 5 25 151 37613 37618 58704
74727 78717 1
74731 74736 75378 9 3999 37601
74731 74748 74782 74791 95863 13 18 660 37609 41557
74723 74739 74888 13 30 64 73 21145 37613 37618 38255
74731 74756 94891 5 21 170 37613 37630 37664 37673 58485
74731 74760 74780 106189 13 38 20173 37605 37621 37770
74723 74740 74891 13 42 62 31471 37613 37638 57523
74725 74738 74776 76435 5 22 173 37613 37642 37662 68685
74729 74749 74813 74848 91118 7 20 58 1717 37605 37622 37773
74731 74734 83606 11 31 95 130 16400 37607 37620 37658 39298
74731 74734 93019 13 16 8888 37611 37631 37695 37730 53814
74725 74745 78918 13 16 18301 37613 37616 46378
74731 74736 92661 7 27 4200 37613 37616 55678
74731 74760 74778 104184 13 18 17943 37607 37627 41753
74726 74828 74848 77480 13 42 60 29466 37613 37618 55329
74723 74743 74869 8 110 130 2762 37613 37642 37660 66701
74719 5 25 151 37608 37710 37730 40333
74731 74736 96076 1
74723 74736 74872 13 18 21358 37601
74731 74736 75296 5 18 154 37613 37618 58695
74731 74748 74782 74791 102641 13 18 578 37605 37618 37754
74723 74739 74888 13 30 64 73 27923 37613 37618 38174
74731 74756 94891 5 21 170 37613 37630 37664 37673 65173
74731 74760 74780 106189 13 38 20173 37605 37621 37770
74723 74740 74891 13 42 62 31471 37613 37638 57523
74723 74766 74868 5 22 173 37613 37642 37662 68685
74731 74748 74783 75135 5 48 150 37605 37622 37773
74731 74748 74782 74791 102273 13 30 65 417 37605 37648 37750
74723 74739 74888 13 30 64 73 27555 37613 37630 37665 38017
74731 74756 94891 5 21 170 37613 37630 37664 37673 64813
74731 74760 74780 106189 13 38 20173 37605 37621 37770
74723 74740 74891 13 42 62 31471 37613 37638 57523
74731 74760 74776 79178 5 22 173 37613 37642 37662 68685
74731 74734 96207 13 42 58 4460 37605 37622 37773
74731 74760 74776 99226 13 16 21489 37613 37642 37658 42008
74725 74745 78918 13 42 58 24508 37613 37616 58824
74724 74749 74807 74848 91664 7 27 4200 37613 37642 37658 61801
74723 74743 74869 6 31 89 130 16946 37607 37627 41753
74719 5 25 151 37606 37631 37689 37730 54345
74723 74744 74867 1
74731 74748 74783 79400 5 26 149 37601
74725 74745 78191 13 30 65 4682 37605 37626 37749
74723 74766 74868 7 27 3473 37613 37630 37665 42227
74731 74748 74776 95910 5 48 150 37607 37627 41039
74725 74738 74776 77728 13 30 58 21192 37605 37648 37750
74731 74748 74783 81399 7 20 58 3010 37613 37630 37658 58532
74725 74738 74776 79279 13 30 65 6681 37607 37620 37658 40579
74731 74756 74936 7 20 58 4561 37613 37630 37665 44201
74731 74756 74949 13 38 218 37607 37620 37658 42109
74723 74736 74881 13 38 231 37613 37638 37818
74731 74756 74934 5 18 163 37613 37638 37831
74725 74738 74776 77728 13 38 216 37605 37618 37763
74729 74749 74818 74866 106374 7 20 58 3010 37613 37638 37816
74731 74756 74949 11 31 100 148 31656 37607 37620 37658 40579
74731 74760 74780 88250 13 38 231 37611 37631 37700 37748 68870
74731 74760 74776 110205 13 42 62 13532 37613 37638 37831
74725 74774 78147 13 42 58 35487 37613 37642 37662 50968
74731 74736 106346 7 56 3429 37613 37642 37658 72635
74725 74738 74776 78038 13 18 31628 37607 37656 40995
74723 74743 74869 7 20 58 3320 37613 37618 68842
74719 5 25 151 37607 37620 37658 40886
74731 74748 74782 74791 104783 1
74723 74739 74888 13 30 64 73 30065 37601
74731 74748 74783 90349 5 21 170 37613 37630 37664 37673 67293
74723 74740 74891 13 30 65 15631 37605 37621 37770
74723 74766 74868 5 22 173 37613 37630 37665 53051
74731 74748 74782 74791 90827 5 48 150 37605 37622 37773
74723 74739 74888 13 30 64 73 16109 37605 37648 37750
74731 74748 74783 90349 5 21 170 37613 37630 37664 37673 53527
74723 74740 74891 13 30 65 15631 37605 37621 37770
74725 74774 78147 5 22 173 37613 37630 37665 53051
74731 74756 74944 7 56 3429 37605 37622 37773
74731 74760 74780 99118 13 38 226 37607 37656 40995
74725 74774 78147 13 42 62 24400 37613 37638 37826
74731 74736 75378 7 56 3429 37613 37642 37662 61695
74725 74745 78191 13 18 660 37607 37656 40995
74731 74747 90499 7 27 3473 37613 37618 38255
74723 74743 74869 13 29 15781 37607 37627 41039
74719 5 25 151 37613 37629 53200
74731 74736 85420 1
74725 74738 74776 77728 13 18 10702 37601
74725 74745 78191 7 20 58 3010 37613 37618 48166
74731 74769 94360 7 27 3473 37607 37620 37658 40579
74731 74736 94111 13 51 19642 37607 37627 41039
74731 74736 100890 13 18 19393 37613 37651 56999
74725 74738 74776 78038 13 18 26172 37613 37618 56752
74729 74749 74816 74856 100883 7 20 58 3320 37613 37618 63440
74729 74760 74799 74866 79211 11 31 98 138 26165 37607 37620 37658 40886
74726 74826 74848 77336 11 42 81 148 4493 37611 37631 37698 37738 63433
74731 74736 75385 8 108 130 2618 37611 37642 37681 37748 42041
74731 74748 74782 74791 110328 13 18 667 37608 37708 37730 40191
74723 74739 74888 13 30 64 73 35610 37613 37618 38262
74731 74748 74783 102531 5 21 170 37613 37630 37664 37673 72756
74723 74740 74891 13 30 65 27813 37605 37621 37770
74723 74766 74868 5 22 173 37613 37630 37665 65068
74731 74734 83606 5 48 150 37605 37622 37773
74725 74738 74776 77728 13 16 8888 37605 37648 37750
74725 74745 78191 7 20 58 3010 37613 37616 46378
74731 74748 74782 74791 96592 7 27 3473 37607 37620 37658 40579
74723 74739 74888 13 30 64 73 21874 37607 37627 41039
74731 74748 74783 105960 5 21 170 37613 37630 37664 37673 59205
74723 74740 74891 13 30 65 31242 37605 37621 37770
74723 74766 74868 5 22 173 37613 37630 37665 68459
74731 74748 74782 74791 94189 5 48 150 37605 37622 37773
74723 74739 74888 13 30 64 73 19471 37605 37648 37750
74731 74748 74783 105960 5 21 170 37613 37630 37664 37673 56830
74723 74740 74891 13 30 65 31242 37605 37621 37770
74725 74774 78147 5 22 173 37613 37630 37665 68459
74728 74773 111508 7 56 3429 37605 37622 37773
74731 74736 75504 10 55 36790 37607 37656 40995
74731 74760 74776 79178 13 18 786 37610 37655 73918
74725 74738 74776 76435 13 42 58 4460 37613 37618 38377
74731 74736 98315 7 20 58 1717 37613 37642 37658 42008
74725 74738 74776 78038 13 18 23597 37607 37620 37658 39298
74729 74749 74799 74866 87364 7 20 58 3320 37613 37618 60902
74726 74826 74848 77336 11 31 81 148 12646 37607 37620 37658 40886
74731 74736 93017 8 108 130 2618 37611 37631 37681 37748 50094
74725 74738 74776 76435 13 18 18299 37608 37708 37730 40191
74729 74749 74799 74848 77732 7 20 58 1717 37613 37618 55676
